85,4
85,3
85,2
85,1
85,0
84,6
84,5
84,4
84,3
84,2
84,1
84,0
83,5
83,4
83,3
83,2
83,1
83,0
82,4
82,3
82,2
82,1
82,0
81,5
81,4
81,3
81,2
81,1
81,0
80,4
80,3
80,2
80,1
80,0
79,11
79,10
79,9
79,8
79,7
79,6
79,5
79,4
79,3
79,2
79,1
79,0
78,10
78,9
78,8
78,7
78,6
78,5
78,4
78,3
78,2
78,1
78,0
77,3
77,2
77,1
77,0
76,3
76,2
76,1
76,0
75,3
75,2
75,1
75,0
74,3
74,2
74,1
74,0
73,9
73,8
73,7
73,6
73,5
73,4
73,3
73,2
73,1
73,0
72,3
72,2
72,1
72,0
71,3
71,2
71,1
71,0
70,4
70,3
70,2
70,1
70,0
69,4
69,3
69,2
69,1
69,0
0,441
68,6
68,5
68,4
68,3
68,2
68,1
68,0
67,5
67,4
67,3
67,2
67,1
67,0
66,4
66,3
66,2
66,1
66,0
65,5
65,4
65,3
65,2
65,1
65,0
64,4
64,3
64,2
64,1
64,0
63,11
63,10
63,9
63,8
63,7
63,6
63,5
63,4
63,3
63,2
63,1
63,0
62,10
62,9
62,8
62,7
62,6
62,5
62,4
62,3
62,2
62,1
62,0
61,3
61,2
61,1
61,0
60,3
60,2
60,1
60,0
59,3
59,2
59,1
59,0
58,3
58,2
58,1
58,0
57,9
57,8
57,7
57,6
57,5
57,4
57,3
57,2
57,1
57,0
56,3
56,2
56,1
56,0
55,3
55,2
55,1
55,0
54,4
54,3
54,2
54,1
54,0
0,440
53,4
53,3
53,2
53,1
53,0
52,6
52,5
52,4
52,3
52,2
52,1
52,0
51,5
51,4
51,3
51,2
51,1
51,0
50,4
50,3
50,2
50,1
50,0
49,5
49,4
49,3
49,2
49,1
49,0
48,4
48,3
48,2
48,1
48,0
47,11
47,10
47,9
47,8
47,7
47,6
47,5
47,4
47,3
47,2
47,1
47,0
2,5
2,4
46,10
46,9
46,8
46,7
46,6
46,5
46,4
46,3
46,2
46,1
46,0
45,3
45,2
45,1
45,0
44,3
44,2
44,1
44,0
43,3
43,2
43,1
43,0
42,3
42,2
42,1
42,0
41,9
41,8
41,7
41,6
41,5
41,4
41,3
41,2
41,1
41,0
40,3
40,2
40,1
40,0
39,3
39,2
39,1
39,0
38,4
38,3
38,2
38,1
38,0
4,3
4,2
4,1
4,0
3,6
3,5
3,4
3,3
3,2
3,1
3,0
37,1
2,2
37,3
2,0
1,3
1,2
1,1
1,0
0,322
0,243
2,1
0,0
2,3
0,9
0,310
0,305
0,308
0,304
0,303
0,302
0,307
0,12
0,10
0,8
0,437
0,300
0,428
0,299
0,427
0,298
0,429
0,297
0,426
0,296
0,417
0,295
0,416
0,294
0,418
0,293
0,415
0,292
0,414
0,291
0,413
0,290
0,412
0,289
0,411
0,288
0,410
0,287
0,425
0,286
0,409
0,285
0,407
0,284
0,406
0,283
0,424
0,282
0,404
0,281
0,403
0,280
0,405
0,279
0,402
0,278
0,401
0,277
0,400
0,276
0,399
0,275
0,398
0,274
0,397
0,408
0,273
0,436
0,272
0,396
0,271
0,395
0,270
0,394
0,269
0,435
0,268
0,392
0,267
0,391
0,266
0,393
0,265
0,390
0,264
0,389
0,263
0,388
0,262
0,387
0,261
0,386
0,260
0,385
0,259
0,434
0,258
0,384
0,257
0,383
0,256
0,382
0,255
0,433
0,254
0,380
0,253
0,379
0,252
0,381
0,251
0,378
0,250
0,377
0,249
0,376
0,248
0,375
0,247
0,374
0,246
0,373
0,245
0,432
0,244
0,372
0,242
0,371
0,241
0,370
0,240
0,431
0,239
0,368
0,238
0,367
0,237
0,369
0,236
0,366
0,235
0,365
0,234
0,364
0,233
0,363
0,232
0,362
0,231
0,361
0,230
0,430
0,229
0,360
0,228
0,359
0,227
0,358
0,226
0,423
0,225
0,356
0,224
0,355
0,223
0,357
0,222
0,439
0,221
0,353
0,220
0,352
0,219
0,438
0,218
0,350
0,217
0,349
0,216
0,422
0,215
0,348
0,214
0,347
0,213
0,346
0,212
0,421
0,211
0,344
0,210
0,343
0,209
0,345
0,208
0,342
0,207
0,341
0,206
0,340
0,205
0,339
0,204
0,338
0,203
0,337
0,202
0,420
0,201
0,336
0,200
0,335
0,199
0,334
0,198
0,419
0,197
0,333
0,196
0,326
0,195
0,332
0,194
0,325
0,193
0,324
0,192
0,323
0,63
0,331
0,62
0,330
0,61
0,320
0,60
0,319
0,59
0,321
0,58
0,329
0,57
0,328
0,56
0,327
0,55
0,318
0,54
0,317
0,53
0,316
0,52
0,315
0,51
0,314
0,50
0,313
0,49
0,312
0,48
0,311
0,47
0,309
0,46
0,306
0,45
0,301
0,6
0,5
0,1
0,11
0,4
0,2
0,3
0,7
